100
1 2 4
1 3 2
1 4 6
1 5 2
1 6 7
1 7 8
1 8 4
1 9 7
1 10 3
1 11 9
1 12 5
1 13 5
1 14 7
1 15 4
1 16 5
1 17 3
1 18 4
1 19 9
1 20 5
1 21 1
1 22 4
1 23 3
1 24 4
1 25 7
1 26 2
1 27 2
1 28 9
1 29 2
1 30 4
1 31 1
1 32 1
1 33 5
1 34 8
1 35 4
1 36 7
1 37 8
1 38 2
1 39 5
1 40 5
1 41 1
1 42 1
1 43 7
1 44 9
1 45 2
1 46 3
1 47 2
1 48 9
1 49 2
1 50 3
1 51 8
1 52 2
1 53 1
1 54 1
1 55 8
1 56 2
1 57 8
1 58 5
1 59 6
1 60 6
1 61 6
1 62 6
1 63 9
1 64 3
1 65 2
1 66 7
1 67 6
1 68 1
1 69 9
1 70 1
1 71 3
1 72 2
1 73 8
1 74 8
1 75 8
1 76 9
1 77 5
1 78 5
1 79 3
1 80 5
1 81 4
1 82 1
1 83 1
1 84 5
1 85 7
1 86 9
1 87 5
1 88 4
1 89 5
1 90 8
1 91 6
1 92 6
1 93 6
1 94 7
1 95 4
1 96 5
1 97 6
1 98 4
1 99 5
1 100 5
2 3 4
2 4 3
2 5 8
2 6 7
2 7 2
2 8 6
2 9 9
2 10 1
2 11 7
2 12 1
2 13 6
2 14 5
2 15 1
2 16 8
2 17 8
2 18 5
2 19 4
2 20 1
2 21 2
2 22 5
2 23 6
2 24 7
2 25 7
2 26 9
2 27 5
2 28 3
2 29 2
2 30 2
2 31 2
2 32 5
2 33 3
2 34 7
2 35 9
2 36 5
2 37 9
2 38 7
2 39 8
2 40 1
2 41 1
2 42 1
2 43 5
2 44 8
2 45 9
2 46 9
2 47 9
2 48 3
2 49 9
2 50 3
2 51 9
2 52 9
2 53 2
2 54 8
2 55 6
2 56 1
2 57 9
2 58 6
2 59 5
2 60 6
2 61 9
2 62 7
2 63 9
2 64 7
2 65 1
2 66 9
2 67 5
2 68 8
2 69 4
2 70 5
2 71 8
2 72 2
2 73 2
2 74 2
2 75 3
2 76 6
2 77 6
2 78 5
2 79 5
2 80 2
2 81 6
2 82 9
2 83 1
2 84 4
2 85 5
2 86 2
2 87 3
2 88 6
2 89 2
2 90 2
2 91 3
2 92 3
2 93 6
2 94 4
2 95 6
2 96 8
2 97 9
2 98 6
2 99 8
2 100 7
3 4 7
3 5 2
3 6 4
3 7 7
3 8 8
3 9 1
3 10 2
3 11 1
3 12 5
3 13 6
3 14 9
3 15 2
3 16 5
3 17 4
3 18 7
3 19 3
3 20 9
3 21 1
3 22 1
3 23 7
3 24 3
3 25 1
3 26 3
3 27 7
3 28 3
3 29 4
3 30 9
3 31 7
3 32 4
3 33 3
3 34 4
3 35 8
3 36 7
3 37 4
3 38 7
3 39 4
3 40 9
3 41 1
3 42 2
3 43 9
3 44 4
3 45 5
3 46 9
3 47 3
3 48 3
3 49 2
3 50 7
3 51 4
3 52 8
3 53 1
3 54 4
3 55 4
3 56 6
3 57 9
3 58 1
3 59 2
3 60 3
3 61 1
3 62 6
3 63 4
3 64 4
3 65 7
3 66 1
3 67 3
3 68 4
3 69 8
3 70 8
3 71 5
3 72 9
3 73 4
3 74 6
3 75 1
3 76 8
3 77 9
3 78 7
3 79 3
3 80 8
3 81 9
3 82 4
3 83 5
3 84 3
3 85 9
3 86 5
3 87 6
3 88 4
3 89 4
3 90 1
3 91 2
3 92 9
3 93 6
3 94 3
3 95 4
3 96 1
3 97 5
3 98 8
3 99 1
3 100 8
4 5 3
4 6 1
4 7 1
4 8 2
4 9 3
4 10 6
4 11 6
4 12 3
4 13 3
4 14 8
4 15 2
4 16 3
4 17 4
4 18 1
4 19 3
4 20 6
4 21 8
4 22 2
4 23 2
4 24 5
4 25 2
4 26 4
4 27 5
4 28 6
4 29 7
4 30 3
4 31 7
4 32 1
4 33 5
4 34 2
4 35 2
4 36 5
4 37 1
4 38 6
4 39 9
4 40 2
4 41 5
4 42 9
4 43 8
4 44 2
4 45 1
4 46 6
4 47 7
4 48 1
4 49 1
4 50 8
4 51 8
4 52 4
4 53 6
4 54 8
4 55 8
4 56 6
4 57 5
4 58 8
4 59 2
4 60 7
4 61 2
4 62 9
4 63 3
4 64 4
4 65 2
4 66 8
4 67 1
4 68 1
4 69 1
4 70 1
4 71 7
4 72 5
4 73 3
4 74 5
4 75 5
4 76 9
4 77 5
4 78 2
4 79 1
4 80 5
4 81 4
4 82 7
4 83 1
4 84 9
4 85 8
4 86 5
4 87 8
4 88 3
4 89 3
4 90 9
4 91 6
4 92 4
4 93 1
4 94 7
4 95 7
4 96 7
4 97 9
4 98 2
4 99 5
4 100 4
5 6 2
5 7 9
5 8 5
5 9 7
5 10 2
5 11 1
5 12 3
5 13 1
5 14 4
5 15 5
5 16 5
5 17 3
5 18 6
5 19 3
5 20 9
5 21 7
5 22 2
5 23 6
5 24 8
5 25 8
5 26 3
5 27 9
5 28 2
5 29 1
5 30 3
5 31 5
5 32 4
5 33 5
5 34 7
5 35 1
5 36 4
5 37 5
5 38 8
5 39 6
5 40 5
5 41 4
5 42 9
5 43 6
5 44 1
5 45 6
5 46 3
5 47 4
5 48 5
5 49 8
5 50 9
5 51 7
5 52 1
5 53 3
5 54 6
5 55 8
5 56 2
5 57 8
5 58 9
5 59 8
5 60 3
5 61 4
5 62 2
5 63 5
5 64 1
5 65 8
5 66 6
5 67 5
5 68 3
5 69 9
5 70 9
5 71 8
5 72 2
5 73 4
5 74 7
5 75 4
5 76 4
5 77 4
5 78 1
5 79 4
5 80 8
5 81 3
5 82 3
5 83 1
5 84 7
5 85 1
5 86 3
5 87 7
5 88 5
5 89 3
5 90 4
5 91 9
5 92 6
5 93 6
5 94 8
5 95 3
5 96 8
5 97 1
5 98 6
5 99 9
5 100 8
6 7 1
6 8 4
6 9 8
6 10 1
6 11 1
6 12 2
6 13 8
6 14 5
6 15 1
6 16 1
6 17 9
6 18 7
6 19 1
6 20 4
6 21 4
6 22 1
6 23 9
6 24 5
6 25 1
6 26 8
6 27 8
6 28 8
6 29 7
6 30 3
6 31 7
6 32 9
6 33 6
6 34 9
6 35 1
6 36 8
6 37 5
6 38 9
6 39 4
6 40 8
6 41 2
6 42 9
6 43 5
6 44 9
6 45 6
6 46 8
6 47 2
6 48 7
6 49 6
6 50 7
6 51 6
6 52 5
6 53 7
6 54 2
6 55 7
6 56 8
6 57 9
6 58 5
6 59 4
6 60 4
6 61 9
6 62 3
6 63 6
6 64 8
6 65 7
6 66 2
6 67 5
6 68 3
6 69 2
6 70 2
6 71 5
6 72 9
6 73 7
6 74 3
6 75 3
6 76 5
6 77 2
6 78 2
6 79 6
6 80 1
6 81 6
6 82 7
6 83 3
6 84 2
6 85 9
6 86 1
6 87 9
6 88 6
6 89 5
6 90 3
6 91 2
6 92 5
6 93 6
6 94 2
6 95 3
6 96 8
6 97 3
6 98 2
6 99 6
6 100 1
7 8 7
7 9 2
7 10 5
7 11 3
7 12 1
7 13 7
7 14 5
7 15 7
7 16 3
7 17 6
7 18 6
7 19 4
7 20 3
7 21 7
7 22 6
7 23 7
7 24 8
7 25 2
7 26 9
7 27 5
7 28 8
7 29 9
7 30 8
7 31 5
7 32 6
7 33 6
7 34 1
7 35 4
7 36 7
7 37 5
7 38 7
7 39 5
7 40 7
7 41 8
7 42 8
7 43 8
7 44 5
7 45 2
7 46 6
7 47 9
7 48 3
7 49 3
7 50 5
7 51 1
7 52 1
7 53 3
7 54 8
7 55 1
7 56 7
7 57 8
7 58 9
7 59 9
7 60 7
7 61 7
7 62 3
7 63 5
7 64 2
7 65 9
7 66 1
7 67 4
7 68 4
7 69 2
7 70 7
7 71 5
7 72 5
7 73 1
7 74 4
7 75 3
7 76 4
7 77 8
7 78 3
7 79 6
7 80 1
7 81 2
7 82 9
7 83 8
7 84 9
7 85 6
7 86 8
7 87 8
7 88 9
7 89 4
7 90 9
7 91 7
7 92 5
7 93 6
7 94 6
7 95 7
7 96 7
7 97 9
7 98 5
7 99 8
7 100 3
8 9 7
8 10 1
8 11 6
8 12 1
8 13 9
8 14 9
8 15 1
8 16 4
8 17 7
8 18 7
8 19 5
8 20 7
8 21 5
8 22 6
8 23 8
8 24 8
8 25 2
8 26 6
8 27 2
8 28 8
8 29 2
8 30 5
8 31 8
8 32 3
8 33 4
8 34 9
8 35 4
8 36 9
8 37 3
8 38 4
8 39 1
8 40 3
8 41 9
8 42 6
8 43 1
8 44 4
8 45 4
8 46 4
8 47 4
8 48 4
8 49 4
8 50 7
8 51 5
8 52 7
8 53 1
8 54 9
8 55 2
8 56 6
8 57 2
8 58 7
8 59 7
8 60 3
8 61 8
8 62 5
8 63 8
8 64 8
8 65 7
8 66 2
8 67 9
8 68 3
8 69 2
8 70 9
8 71 6
8 72 6
8 73 7
8 74 7
8 75 4
8 76 6
8 77 3
8 78 1
8 79 9
8 80 3
8 81 7
8 82 8
8 83 9
8 84 7
8 85 6
8 86 5
8 87 1
8 88 5
8 89 4
8 90 3
8 91 9
8 92 4
8 93 4
8 94 4
8 95 6
8 96 1
8 97 8
8 98 2
8 99 4
8 100 1
9 10 2
9 11 7
9 12 6
9 13 1
9 14 9
9 15 7
9 16 8
9 17 3
9 18 9
9 19 7
9 20 4
9 21 5
9 22 8
9 23 9
9 24 2
9 25 4
9 26 8
9 27 6
9 28 7
9 29 4
9 30 5
9 31 8
9 32 9
9 33 9
9 34 2
9 35 5
9 36 4
9 37 4
9 38 2
9 39 4
9 40 6
9 41 7
9 42 4
9 43 8
9 44 2
9 45 9
9 46 4
9 47 8
9 48 5
9 49 8
9 50 3
9 51 6
9 52 7
9 53 9
9 54 2
9 55 4
9 56 1
9 57 2
9 58 2
9 59 1
9 60 2
9 61 2
9 62 5
9 63 8
9 64 7
9 65 9
9 66 1
9 67 1
9 68 2
9 69 6
9 70 8
9 71 8
9 72 8
9 73 2
9 74 2
9 75 1
9 76 3
9 77 4
9 78 3
9 79 4
9 80 6
9 81 1
9 82 5
9 83 2
9 84 9
9 85 3
9 86 4
9 87 7
9 88 3
9 89 2
9 90 9
9 91 3
9 92 7
9 93 8
9 94 9
9 95 8
9 96 1
9 97 8
9 98 2
9 99 2
9 100 1
10 11 8
10 12 2
10 13 7
10 14 2
10 15 1
10 16 7
10 17 1
10 18 4
10 19 3
10 20 7
10 21 1
10 22 5
10 23 3
10 24 8
10 25 3
10 26 5
10 27 7
10 28 1
10 29 2
10 30 3
10 31 4
10 32 3
10 33 8
10 34 2
10 35 6
10 36 2
10 37 2
10 38 5
10 39 9
10 40 6
10 41 1
10 42 2
10 43 8
10 44 8
10 45 2
10 46 3
10 47 5
10 48 6
10 49 8
10 50 6
10 51 9
10 52 7
10 53 6
10 54 7
10 55 1
10 56 7
10 57 7
10 58 9
10 59 8
10 60 9
10 61 3
10 62 7
10 63 1
10 64 4
10 65 3
10 66 8
10 67 3
10 68 7
10 69 9
10 70 8
10 71 2
10 72 5
10 73 5
10 74 9
10 75 4
10 76 6
10 77 4
10 78 7
10 79 4
10 80 6
10 81 4
10 82 3
10 83 6
10 84 2
10 85 5
10 86 9
10 87 6
10 88 8
10 89 1
10 90 6
10 91 6
10 92 2
10 93 6
10 94 7
10 95 1
10 96 3
10 97 3
10 98 3
10 99 4
10 100 1
11 12 8
11 13 4
11 14 1
11 15 9
11 16 4
11 17 6
11 18 1
11 19 9
11 20 9
11 21 3
11 22 5
11 23 8
11 24 8
11 25 2
11 26 2
11 27 2
11 28 3
11 29 7
11 30 2
11 31 7
11 32 9
11 33 9
11 34 7
11 35 4
11 36 8
11 37 4
11 38 9
11 39 3
11 40 2
11 41 7
11 42 3
11 43 4
11 44 2
11 45 3
11 46 7
11 47 6
11 48 6
11 49 8
11 50 5
11 51 8
11 52 3
11 53 7
11 54 8
11 55 3
11 56 2
11 57 5
11 58 5
11 59 7
11 60 7
11 61 6
11 62 4
11 63 7
11 64 8
11 65 5
11 66 9
11 67 3
11 68 6
11 69 9
11 70 3
11 71 9
11 72 6
11 73 2
11 74 4
11 75 4
11 76 7
11 77 6
11 78 6
11 79 1
11 80 1
11 81 8
11 82 3
11 83 1
11 84 3
11 85 3
11 86 3
11 87 9
11 88 4
11 89 2
11 90 3
11 91 5
11 92 7
11 93 9
11 94 7
11 95 2
11 96 6
11 97 7
11 98 9
11 99 8
11 100 1
12 13 6
12 14 5
12 15 6
12 16 1
12 17 9
12 18 4
12 19 9
12 20 5
12 21 9
12 22 7
12 23 9
12 24 4
12 25 2
12 26 6
12 27 8
12 28 8
12 29 1
12 30 1
12 31 3
12 32 4
12 33 2
12 34 5
12 35 1
12 36 6
12 37 7
12 38 1
12 39 3
12 40 5
12 41 9
12 42 7
12 43 5
12 44 5
12 45 4
12 46 1
12 47 8
12 48 7
12 49 3
12 50 7
12 51 5
12 52 7
12 53 6
12 54 2
12 55 9
12 56 3
12 57 8
12 58 4
12 59 1
12 60 5
12 61 2
12 62 6
12 63 8
12 64 7
12 65 7
12 66 7
12 67 9
12 68 9
12 69 1
12 70 2
12 71 3
12 72 4
12 73 2
12 74 8
12 75 6
12 76 6
12 77 4
12 78 1
12 79 2
12 80 4
12 81 3
12 82 7
12 83 8
12 84 9
12 85 8
12 86 7
12 87 2
12 88 5
12 89 3
12 90 5
12 91 6
12 92 7
12 93 8
12 94 3
12 95 9
12 96 2
12 97 7
12 98 2
12 99 6
12 100 4
13 14 1
13 15 9
13 16 1
13 17 7
13 18 4
13 19 9
13 20 2
13 21 9
13 22 9
13 23 3
13 24 2
13 25 9
13 26 1
13 27 9
13 28 9
13 29 9
13 30 3
13 31 5
13 32 9
13 33 9
13 34 1
13 35 6
13 36 9
13 37 1
13 38 5
13 39 8
13 40 9
13 41 5
13 42 5
13 43 1
13 44 1
13 45 4
13 46 1
13 47 5
13 48 8
13 49 5
13 50 6
13 51 9
13 52 3
13 53 9
13 54 4
13 55 5
13 56 5
13 57 8
13 58 9
13 59 4
13 60 2
13 61 4
13 62 9
13 63 1
13 64 3
13 65 3
13 66 4
13 67 7
13 68 4
13 69 3
13 70 7
13 71 7
13 72 8
13 73 3
13 74 1
13 75 1
13 76 9
13 77 3
13 78 9
13 79 6
13 80 5
13 81 1
13 82 9
13 83 9
13 84 2
13 85 6
13 86 3
13 87 8
13 88 5
13 89 1
13 90 4
13 91 7
13 92 4
13 93 3
13 94 3
13 95 7
13 96 6
13 97 3
13 98 3
13 99 6
13 100 1
14 15 3
14 16 9
14 17 9
14 18 2
14 19 4
14 20 1
14 21 6
14 22 9
14 23 9
14 24 4
14 25 5
14 26 9
14 27 7
14 28 7
14 29 2
14 30 4
14 31 8
14 32 1
14 33 4
14 34 1
14 35 1
14 36 6
14 37 1
14 38 2
14 39 2
14 40 2
14 41 8
14 42 6
14 43 7
14 44 4
14 45 8
14 46 2
14 47 8
14 48 5
14 49 4
14 50 4
14 51 5
14 52 6
14 53 7
14 54 5
14 55 7
14 56 8
14 57 9
14 58 9
14 59 7
14 60 6
14 61 9
14 62 3
14 63 4
14 64 4
14 65 5
14 66 2
14 67 2
14 68 1
14 69 9
14 70 9
14 71 8
14 72 9
14 73 6
14 74 2
14 75 7
14 76 8
14 77 4
14 78 2
14 79 8
14 80 2
14 81 3
14 82 2
14 83 8
14 84 7
14 85 5
14 86 5
14 87 5
14 88 3
14 89 2
14 90 5
14 91 8
14 92 3
14 93 1
14 94 9
14 95 5
14 96 7
14 97 3
14 98 9
14 99 1
14 100 5
15 16 7
15 17 7
15 18 3
15 19 5
15 20 6
15 21 1
15 22 2
15 23 8
15 24 8
15 25 7
15 26 1
15 27 5
15 28 4
15 29 4
15 30 2
15 31 8
15 32 2
15 33 4
15 34 9
15 35 8
15 36 4
15 37 9
15 38 4
15 39 4
15 40 6
15 41 6
15 42 3
15 43 3
15 44 1
15 45 2
15 46 8
15 47 7
15 48 3
15 49 4
15 50 5
15 51 4
15 52 3
15 53 4
15 54 8
15 55 5
15 56 2
15 57 8
15 58 8
15 59 2
15 60 4
15 61 4
15 62 3
15 63 4
15 64 8
15 65 6
15 66 4
15 67 9
15 68 3
15 69 6
15 70 4
15 71 4
15 72 5
15 73 2
15 74 1
15 75 2
15 76 4
15 77 4
15 78 6
15 79 6
15 80 1
15 81 2
15 82 4
15 83 9
15 84 1
15 85 6
15 86 3
15 87 4
15 88 9
15 89 3
15 90 4
15 91 4
15 92 4
15 93 9
15 94 1
15 95 9
15 96 4
15 97 1
15 98 2
15 99 5
15 100 7
16 17 5
16 18 4
16 19 3
16 20 1
16 21 7
16 22 9
16 23 8
16 24 9
16 25 5
16 26 4
16 27 3
16 28 5
16 29 3
16 30 4
16 31 9
16 32 6
16 33 2
16 34 6
16 35 4
16 36 3
16 37 2
16 38 5
16 39 2
16 40 2
16 41 4
16 42 9
16 43 6
16 44 1
16 45 9
16 46 6
16 47 2
16 48 6
16 49 9
16 50 8
16 51 6
16 52 1
16 53 7
16 54 1
16 55 5
16 56 9
16 57 2
16 58 4
16 59 1
16 60 1
16 61 1
16 62 5
16 63 3
16 64 7
16 65 8
16 66 3
16 67 9
16 68 5
16 69 3
16 70 7
16 71 9
16 72 8
16 73 1
16 74 5
16 75 5
16 76 7
16 77 4
16 78 3
16 79 6
16 80 1
16 81 9
16 82 3
16 83 9
16 84 4
16 85 1
16 86 3
16 87 4
16 88 3
16 89 3
16 90 6
16 91 7
16 92 9
16 93 9
16 94 9
16 95 3
16 96 1
16 97 3
16 98 5
16 99 9
16 100 2
17 18 2
17 19 6
17 20 3
17 21 7
17 22 6
17 23 5
17 24 2
17 25 3
17 26 7
17 27 7
17 28 4
17 29 7
17 30 7
17 31 7
17 32 4
17 33 2
17 34 2
17 35 9
17 36 8
17 37 5
17 38 7
17 39 7
17 40 1
17 41 9
17 42 4
17 43 1
17 44 6
17 45 6
17 46 6
17 47 3
17 48 7
17 49 5
17 50 9
17 51 4
17 52 4
17 53 8
17 54 9
17 55 2
17 56 2
17 57 2
17 58 2
17 59 1
17 60 4
17 61 6
17 62 2
17 63 1
17 64 3
17 65 6
17 66 5
17 67 5
17 68 2
17 69 5
17 70 9
17 71 2
17 72 9
17 73 9
17 74 9
17 75 7
17 76 2
17 77 1
17 78 5
17 79 4
17 80 5
17 81 2
17 82 2
17 83 5
17 84 1
17 85 9
17 86 2
17 87 6
17 88 7
17 89 9
17 90 1
17 91 6
17 92 7
17 93 6
17 94 7
17 95 7
17 96 5
17 97 6
17 98 1
17 99 2
17 100 5
18 19 2
18 20 4
18 21 8
18 22 8
18 23 2
18 24 9
18 25 4
18 26 8
18 27 8
18 28 1
18 29 7
18 30 3
18 31 5
18 32 7
18 33 7
18 34 5
18 35 9
18 36 3
18 37 2
18 38 1
18 39 1
18 40 2
18 41 6
18 42 7
18 43 1
18 44 1
18 45 8
18 46 8
18 47 2
18 48 3
18 49 6
18 50 3
18 51 2
18 52 3
18 53 4
18 54 7
18 55 2
18 56 1
18 57 8
18 58 2
18 59 3
18 60 1
18 61 5
18 62 8
18 63 5
18 64 6
18 65 8
18 66 1
18 67 9
18 68 2
18 69 9
18 70 3
18 71 9
18 72 9
18 73 3
18 74 5
18 75 9
18 76 7
18 77 3
18 78 3
18 79 5
18 80 6
18 81 8
18 82 3
18 83 5
18 84 6
18 85 4
18 86 4
18 87 1
18 88 2
18 89 4
18 90 5
18 91 5
18 92 5
18 93 9
18 94 8
18 95 3
18 96 2
18 97 6
18 98 7
18 99 9
18 100 3
19 20 5
19 21 9
19 22 1
19 23 3
19 24 6
19 25 2
19 26 5
19 27 2
19 28 8
19 29 1
19 30 9
19 31 3
19 32 2
19 33 1
19 34 3
19 35 8
19 36 6
19 37 3
19 38 2
19 39 2
19 40 5
19 41 5
19 42 2
19 43 8
19 44 1
19 45 2
19 46 2
19 47 2
19 48 9
19 49 8
19 50 4
19 51 1
19 52 8
19 53 2
19 54 3
19 55 1
19 56 3
19 57 9
19 58 9
19 59 4
19 60 8
19 61 7
19 62 5
19 63 5
19 64 1
19 65 2
19 66 5
19 67 9
19 68 7
19 69 2
19 70 1
19 71 5
19 72 5
19 73 7
19 74 6
19 75 2
19 76 4
19 77 6
19 78 6
19 79 8
19 80 8
19 81 3
19 82 2
19 83 8
19 84 5
19 85 4
19 86 8
19 87 5
19 88 2
19 89 5
19 90 4
19 91 5
19 92 3
19 93 5
19 94 5
19 95 2
19 96 3
19 97 9
19 98 1
19 99 6
19 100 9
20 21 3
20 22 4
20 23 9
20 24 6
20 25 2
20 26 4
20 27 1
20 28 7
20 29 4
20 30 8
20 31 4
20 32 5
20 33 1
20 34 1
20 35 4
20 36 9
20 37 5
20 38 4
20 39 5
20 40 9
20 41 6
20 42 1
20 43 6
20 44 3
20 45 5
20 46 4
20 47 8
20 48 3
20 49 8
20 50 3
20 51 1
20 52 2
20 53 2
20 54 6
20 55 6
20 56 8
20 57 2
20 58 2
20 59 5
20 60 8
20 61 5
20 62 6
20 63 2
20 64 2
20 65 7
20 66 1
20 67 7
20 68 4
20 69 6
20 70 5
20 71 3
20 72 8
20 73 3
20 74 9
20 75 1
20 76 4
20 77 3
20 78 7
20 79 5
20 80 1
20 81 1
20 82 3
20 83 8
20 84 6
20 85 8
20 86 3
20 87 8
20 88 8
20 89 2
20 90 1
20 91 8
20 92 1
20 93 8
20 94 6
20 95 3
20 96 9
20 97 9
20 98 9
20 99 9
20 100 9
21 22 8
21 23 5
21 24 8
21 25 7
21 26 7
21 27 1
21 28 8
21 29 4
21 30 3
21 31 9
21 32 9
21 33 8
21 34 7
21 35 2
21 36 5
21 37 8
21 38 6
21 39 7
21 40 2
21 41 6
21 42 4
21 43 6
21 44 4
21 45 3
21 46 6
21 47 5
21 48 3
21 49 4
21 50 3
21 51 1
21 52 5
21 53 4
21 54 2
21 55 7
21 56 6
21 57 9
21 58 6
21 59 9
21 60 2
21 61 2
21 62 4
21 63 5
21 64 8
21 65 4
21 66 8
21 67 1
21 68 4
21 69 9
21 70 8
21 71 9
21 72 8
21 73 3
21 74 9
21 75 4
21 76 4
21 77 5
21 78 5
21 79 4
21 80 9
21 81 3
21 82 1
21 83 3
21 84 5
21 85 7
21 86 8
21 87 9
21 88 4
21 89 1
21 90 5
21 91 9
21 92 5
21 93 3
21 94 7
21 95 2
21 96 8
21 97 3
21 98 2
21 99 3
21 100 9
22 23 6
22 24 6
22 25 3
22 26 5
22 27 4
22 28 9
22 29 5
22 30 3
22 31 2
22 32 4
22 33 2
22 34 2
22 35 9
22 36 1
22 37 8
22 38 5
22 39 4
22 40 7
22 41 7
22 42 3
22 43 5
22 44 8
22 45 9
22 46 1
22 47 4
22 48 9
22 49 2
22 50 1
22 51 8
22 52 7
22 53 3
22 54 8
22 55 3
22 56 9
22 57 9
22 58 1
22 59 5
22 60 7
22 61 7
22 62 9
22 63 3
22 64 5
22 65 2
22 66 2
22 67 2
22 68 6
22 69 9
22 70 4
22 71 3
22 72 3
22 73 9
22 74 1
22 75 2
22 76 6
22 77 8
22 78 3
22 79 7
22 80 9
22 81 2
22 82 6
22 83 7
22 84 6
22 85 2
22 86 4
22 87 9
22 88 4
22 89 6
22 90 5
22 91 9
22 92 6
22 93 5
22 94 9
22 95 6
22 96 6
22 97 5
22 98 1
22 99 2
22 100 3
23 24 7
23 25 6
23 26 9
23 27 4
23 28 9
23 29 8
23 30 1
23 31 8
23 32 2
23 33 4
23 34 3
23 35 6
23 36 9
23 37 5
23 38 4
23 39 8
23 40 2
23 41 6
23 42 6
23 43 2
23 44 8
23 45 9
23 46 5
23 47 8
23 48 5
23 49 9
23 50 5
23 51 2
23 52 3
23 53 2
23 54 7
23 55 7
23 56 8
23 57 7
23 58 3
23 59 8
23 60 4
23 61 9
23 62 7
23 63 2
23 64 6
23 65 2
23 66 6
23 67 2
23 68 2
23 69 1
23 70 4
23 71 8
23 72 7
23 73 4
23 74 7
23 75 7
23 76 6
23 77 7
23 78 9
23 79 4
23 80 2
23 81 8
23 82 8
23 83 5
23 84 3
23 85 4
23 86 9
23 87 9
23 88 3
23 89 8
23 90 6
23 91 6
23 92 2
23 93 8
23 94 4
23 95 3
23 96 8
23 97 8
23 98 1
23 99 9
23 100 2
24 25 9
24 26 8
24 27 5
24 28 4
24 29 3
24 30 6
24 31 3
24 32 2
24 33 2
24 34 5
24 35 7
24 36 8
24 37 1
24 38 8
24 39 3
24 40 4
24 41 5
24 42 3
24 43 4
24 44 8
24 45 9
24 46 5
24 47 8
24 48 8
24 49 8
24 50 6
24 51 4
24 52 4
24 53 4
24 54 1
24 55 5
24 56 3
24 57 2
24 58 7
24 59 7
24 60 2
24 61 7
24 62 5
24 63 7
24 64 7
24 65 5
24 66 4
24 67 6
24 68 9
24 69 3
24 70 8
24 71 3
24 72 7
24 73 9
24 74 7
24 75 8
24 76 5
24 77 5
24 78 9
24 79 6
24 80 9
24 81 3
24 82 9
24 83 9
24 84 1
24 85 1
24 86 9
24 87 4
24 88 1
24 89 8
24 90 8
24 91 1
24 92 4
24 93 4
24 94 7
24 95 7
24 96 3
24 97 6
24 98 9
24 99 2
24 100 1
25 26 1
25 27 6
25 28 2
25 29 2
25 30 2
25 31 3
25 32 8
25 33 3
25 34 5
25 35 1
25 36 8
25 37 7
25 38 5
25 39 5
25 40 7
25 41 7
25 42 2
25 43 7
25 44 6
25 45 4
25 46 3
25 47 3
25 48 9
25 49 7
25 50 4
25 51 9
25 52 4
25 53 6
25 54 5
25 55 8
25 56 7
25 57 2
25 58 7
25 59 5
25 60 8
25 61 5
25 62 4
25 63 4
25 64 6
25 65 2
25 66 8
25 67 5
25 68 6
25 69 4
25 70 2
25 71 1
25 72 1
25 73 8
25 74 9
25 75 6
25 76 1
25 77 3
25 78 5
25 79 9
25 80 5
25 81 4
25 82 8
25 83 9
25 84 4
25 85 4
25 86 1
25 87 5
25 88 2
25 89 9
25 90 9
25 91 4
25 92 8
25 93 3
25 94 6
25 95 6
25 96 5
25 97 3
25 98 3
25 99 3
25 100 4
26 27 7
26 28 3
26 29 4
26 30 3
26 31 4
26 32 1
26 33 8
26 34 1
26 35 1
26 36 1
26 37 7
26 38 7
26 39 7
26 40 1
26 41 9
26 42 3
26 43 1
26 44 4
26 45 8
26 46 3
26 47 7
26 48 4
26 49 2
26 50 3
26 51 2
26 52 4
26 53 1
26 54 3
26 55 4
26 56 8
26 57 5
26 58 7
26 59 3
26 60 1
26 61 5
26 62 7
26 63 6
26 64 7
26 65 2
26 66 9
26 67 7
26 68 5
26 69 4
26 70 3
26 71 1
26 72 3
26 73 6
26 74 6
26 75 3
26 76 2
26 77 4
26 78 7
26 79 1
26 80 8
26 81 4
26 82 2
26 83 5
26 84 5
26 85 9
26 86 4
26 87 2
26 88 8
26 89 4
26 90 5
26 91 9
26 92 7
26 93 7
26 94 2
26 95 2
26 96 9
26 97 9
26 98 4
26 99 9
26 100 8
27 28 3
27 29 4
27 30 7
27 31 5
27 32 7
27 33 3
27 34 2
27 35 2
27 36 4
27 37 3
27 38 2
27 39 2
27 40 1
27 41 6
27 42 3
27 43 4
27 44 2
27 45 7
27 46 2
27 47 9
27 48 2
27 49 9
27 50 3
27 51 5
27 52 8
27 53 9
27 54 5
27 55 1
27 56 8
27 57 7
27 58 6
27 59 2
27 60 8
27 61 3
27 62 3
27 63 7
27 64 4
27 65 8
27 66 4
27 67 2
27 68 4
27 69 2
27 70 4
27 71 9
27 72 8
27 73 3
27 74 1
27 75 1
27 76 2
27 77 7
27 78 9
27 79 2
27 80 7
27 81 6
27 82 8
27 83 7
27 84 9
27 85 6
27 86 9
27 87 3
27 88 3
27 89 5
27 90 5
27 91 7
27 92 5
27 93 7
27 94 9
27 95 6
27 96 4
27 97 1
27 98 9
27 99 5
27 100 6
28 29 7
28 30 6
28 31 3
28 32 5
28 33 6
28 34 7
28 35 2
28 36 5
28 37 7
28 38 3
28 39 5
28 40 2
28 41 2
28 42 8
28 43 3
28 44 9
28 45 4
28 46 1
28 47 3
28 48 8
28 49 2
28 50 5
28 51 4
28 52 8
28 53 5
28 54 8
28 55 2
28 56 3
28 57 4
28 58 6
28 59 7
28 60 5
28 61 2
28 62 6
28 63 4
28 64 5
28 65 9
28 66 4
28 67 8
28 68 7
28 69 9
28 70 9
28 71 3
28 72 3
28 73 9
28 74 1
28 75 5
28 76 2
28 77 5
28 78 5
28 79 6
28 80 9
28 81 4
28 82 3
28 83 6
28 84 2
28 85 5
28 86 4
28 87 9
28 88 2
28 89 9
28 90 4
28 91 7
28 92 5
28 93 6
28 94 5
28 95 3
28 96 6
28 97 2
28 98 7
28 99 3
28 100 6
29 30 2
29 31 4
29 32 7
29 33 8
29 34 1
29 35 2
29 36 6
29 37 2
29 38 3
29 39 4
29 40 7
29 41 3
29 42 2
29 43 6
29 44 7
29 45 9
29 46 8
29 47 1
29 48 4
29 49 4
29 50 6
29 51 4
29 52 6
29 53 8
29 54 1
29 55 3
29 56 1
29 57 6
29 58 8
29 59 1
29 60 6
29 61 1
29 62 2
29 63 6
29 64 1
29 65 8
29 66 1
29 67 6
29 68 5
29 69 8
29 70 6
29 71 5
29 72 8
29 73 7
29 74 7
29 75 8
29 76 6
29 77 9
29 78 9
29 79 9
29 80 2
29 81 9
29 82 4
29 83 4
29 84 8
29 85 9
29 86 6
29 87 6
29 88 1
29 89 4
29 90 2
29 91 6
29 92 9
29 93 2
29 94 1
29 95 9
29 96 8
29 97 9
29 98 6
29 99 9
29 100 7
30 31 8
30 32 8
30 33 7
30 34 5
30 35 5
30 36 8
30 37 4
30 38 9
30 39 3
30 40 4
30 41 1
30 42 5
30 43 9
30 44 3
30 45 2
30 46 9
30 47 8
30 48 8
30 49 8
30 50 9
30 51 2
30 52 7
30 53 6
30 54 7
30 55 3
30 56 7
30 57 5
30 58 8
30 59 2
30 60 9
30 61 2
30 62 5
30 63 2
30 64 1
30 65 5
30 66 2
30 67 9
30 68 7
30 69 4
30 70 8
30 71 8
30 72 5
30 73 8
30 74 3
30 75 5
30 76 7
30 77 6
30 78 8
30 79 9
30 80 9
30 81 8
30 82 1
30 83 3
30 84 1
30 85 4
30 86 5
30 87 7
30 88 3
30 89 6
30 90 4
30 91 5
30 92 9
30 93 3
30 94 9
30 95 9
30 96 2
30 97 5
30 98 8
30 99 4
30 100 2
31 32 5
31 33 8
31 34 1
31 35 4
31 36 5
31 37 7
31 38 2
31 39 4
31 40 8
31 41 6
31 42 8
31 43 5
31 44 6
31 45 1
31 46 4
31 47 4
31 48 9
31 49 7
31 50 9
31 51 8
31 52 3
31 53 7
31 54 2
31 55 6
31 56 5
31 57 5
31 58 6
31 59 2
31 60 2
31 61 3
31 62 4
31 63 6
31 64 7
31 65 9
31 66 6
31 67 6
31 68 2
31 69 5
31 70 3
31 71 9
31 72 3
31 73 2
31 74 8
31 75 2
31 76 4
31 77 6
31 78 7
31 79 4
31 80 4
31 81 6
31 82 6
31 83 3
31 84 9
31 85 2
31 86 2
31 87 5
31 88 9
31 89 2
31 90 2
31 91 5
31 92 4
31 93 4
31 94 5
31 95 4
31 96 8
31 97 3
31 98 8
31 99 7
31 100 6
32 33 7
32 34 1
32 35 9
32 36 5
32 37 1
32 38 2
32 39 8
32 40 7
32 41 9
32 42 8
32 43 1
32 44 9
32 45 2
32 46 1
32 47 6
32 48 6
32 49 9
32 50 6
32 51 2
32 52 3
32 53 8
32 54 9
32 55 6
32 56 5
32 57 6
32 58 5
32 59 3
32 60 4
32 61 2
32 62 9
32 63 2
32 64 1
32 65 4
32 66 3
32 67 9
32 68 2
32 69 2
32 70 9
32 71 5
32 72 4
32 73 8
32 74 4
32 75 8
32 76 4
32 77 9
32 78 8
32 79 3
32 80 6
32 81 6
32 82 4
32 83 8
32 84 6
32 85 9
32 86 3
32 87 3
32 88 9
32 89 2
32 90 2
32 91 7
32 92 2
32 93 9
32 94 9
32 95 9
32 96 6
32 97 8
32 98 5
32 99 3
32 100 9
33 34 5
33 35 8
33 36 3
33 37 9
33 38 3
33 39 4
33 40 2
33 41 3
33 42 7
33 43 3
33 44 1
33 45 9
33 46 8
33 47 3
33 48 1
33 49 9
33 50 1
33 51 9
33 52 1
33 53 3
33 54 7
33 55 6
33 56 2
33 57 3
33 58 3
33 59 2
33 60 4
33 61 2
33 62 4
33 63 1
33 64 6
33 65 8
33 66 9
33 67 7
33 68 2
33 69 1
33 70 8
33 71 4
33 72 4
33 73 2
33 74 9
33 75 9
33 76 6
33 77 8
33 78 1
33 79 9
33 80 5
33 81 5
33 82 5
33 83 1
33 84 6
33 85 6
33 86 8
33 87 1
33 88 2
33 89 4
33 90 1
33 91 8
33 92 9
33 93 5
33 94 2
33 95 8
33 96 8
33 97 1
33 98 5
33 99 8
33 100 1
34 35 3
34 36 9
34 37 6
34 38 2
34 39 5
34 40 6
34 41 4
34 42 5
34 43 4
34 44 7
34 45 6
34 46 8
34 47 4
34 48 8
34 49 9
34 50 5
34 51 1
34 52 5
34 53 8
34 54 5
34 55 7
34 56 9
34 57 4
34 58 2
34 59 5
34 60 8
34 61 5
34 62 4
34 63 7
34 64 9
34 65 7
34 66 6
34 67 2
34 68 2
34 69 3
34 70 3
34 71 9
34 72 5
34 73 2
34 74 2
34 75 7
34 76 3
34 77 4
34 78 6
34 79 8
34 80 7
34 81 9
34 82 9
34 83 7
34 84 6
34 85 4
34 86 2
34 87 1
34 88 2
34 89 7
34 90 3
34 91 2
34 92 5
34 93 4
34 94 1
34 95 8
34 96 5
34 97 7
34 98 5
34 99 8
34 100 9
35 36 8
35 37 7
35 38 3
35 39 6
35 40 4
35 41 6
35 42 9
35 43 8
35 44 8
35 45 1
35 46 4
35 47 5
35 48 7
35 49 2
35 50 5
35 51 7
35 52 8
35 53 4
35 54 5
35 55 8
35 56 1
35 57 9
35 58 1
35 59 7
35 60 7
35 61 7
35 62 1
35 63 7
35 64 2
35 65 7
35 66 6
35 67 5
35 68 7
35 69 6
35 70 6
35 71 3
35 72 8
35 73 5
35 74 8
35 75 5
35 76 5
35 77 8
35 78 8
35 79 1
35 80 2
35 81 6
35 82 4
35 83 9
35 84 7
35 85 1
35 86 6
35 87 3
35 88 8
35 89 8
35 90 7
35 91 8
35 92 7
35 93 7
35 94 6
35 95 6
35 96 6
35 97 1
35 98 6
35 99 9
35 100 6
36 37 1
36 38 3
36 39 7
36 40 3
36 41 5
36 42 9
36 43 5
36 44 7
36 45 7
36 46 8
36 47 8
36 48 4
36 49 1
36 50 6
36 51 3
36 52 7
36 53 1
36 54 3
36 55 7
36 56 4
36 57 4
36 58 8
36 59 6
36 60 3
36 61 9
36 62 9
36 63 4
36 64 9
36 65 6
36 66 6
36 67 3
36 68 5
36 69 2
36 70 4
36 71 1
36 72 1
36 73 1
36 74 6
36 75 7
36 76 4
36 77 6
36 78 6
36 79 7
36 80 6
36 81 9
36 82 4
36 83 1
36 84 8
36 85 8
36 86 9
36 87 3
36 88 6
36 89 4
36 90 1
36 91 5
36 92 9
36 93 8
36 94 5
36 95 2
36 96 1
36 97 5
36 98 8
36 99 9
36 100 8
37 38 9
37 39 9
37 40 6
37 41 4
37 42 1
37 43 3
37 44 5
37 45 7
37 46 6
37 47 4
37 48 6
37 49 7
37 50 8
37 51 2
37 52 9
37 53 3
37 54 2
37 55 3
37 56 8
37 57 6
37 58 2
37 59 8
37 60 8
37 61 6
37 62 9
37 63 7
37 64 4
37 65 1
37 66 5
37 67 1
37 68 4
37 69 6
37 70 6
37 71 7
37 72 4
37 73 5
37 74 2
37 75 4
37 76 6
37 77 5
37 78 1
37 79 1
37 80 6
37 81 4
37 82 2
37 83 8
37 84 6
37 85 5
37 86 9
37 87 9
37 88 8
37 89 4
37 90 6
37 91 4
37 92 1
37 93 3
37 94 2
37 95 2
37 96 2
37 97 1
37 98 9
37 99 4
37 100 8
38 39 7
38 40 8
38 41 8
38 42 5
38 43 6
38 44 7
38 45 4
38 46 5
38 47 5
38 48 8
38 49 5
38 50 3
38 51 3
38 52 3
38 53 3
38 54 2
38 55 4
38 56 5
38 57 4
38 58 7
38 59 6
38 60 9
38 61 1
38 62 7
38 63 3
38 64 4
38 65 6
38 66 4
38 67 5
38 68 7
38 69 5
38 70 8
38 71 8
38 72 7
38 73 6
38 74 5
38 75 6
38 76 3
38 77 3
38 78 1
38 79 4
38 80 5
38 81 1
38 82 7
38 83 6
38 84 7
38 85 5
38 86 5
38 87 7
38 88 7
38 89 6
38 90 8
38 91 9
38 92 1
38 93 3
38 94 4
38 95 4
38 96 8
38 97 9
38 98 5
38 99 6
38 100 6
39 40 8
39 41 5
39 42 5
39 43 3
39 44 9
39 45 4
39 46 9
39 47 3
39 48 7
39 49 3
39 50 3
39 51 6
39 52 4
39 53 7
39 54 1
39 55 7
39 56 8
39 57 4
39 58 4
39 59 6
39 60 5
39 61 6
39 62 3
39 63 9
39 64 1
39 65 7
39 66 7
39 67 2
39 68 9
39 69 2
39 70 3
39 71 5
39 72 6
39 73 2
39 74 8
39 75 4
39 76 1
39 77 8
39 78 5
39 79 3
39 80 4
39 81 8
39 82 4
39 83 4
39 84 8
39 85 3
39 86 2
39 87 7
39 88 4
39 89 2
39 90 4
39 91 2
39 92 3
39 93 1
39 94 5
39 95 7
39 96 3
39 97 5
39 98 9
39 99 2
39 100 2
40 41 3
40 42 5
40 43 9
40 44 6
40 45 8
40 46 7
40 47 5
40 48 8
40 49 5
40 50 9
40 51 4
40 52 1
40 53 1
40 54 2
40 55 2
40 56 8
40 57 8
40 58 8
40 59 2
40 60 5
40 61 2
40 62 5
40 63 6
40 64 4
40 65 4
40 66 4
40 67 1
40 68 1
40 69 4
40 70 3
40 71 2
40 72 8
40 73 5
40 74 3
40 75 2
40 76 5
40 77 7
40 78 1
40 79 9
40 80 9
40 81 3
40 82 4
40 83 5
40 84 2
40 85 3
40 86 1
40 87 5
40 88 3
40 89 1
40 90 5
40 91 5
40 92 7
40 93 9
40 94 4
40 95 6
40 96 9
40 97 9
40 98 2
40 99 9
40 100 5
41 42 8
41 43 7
41 44 3
41 45 8
41 46 3
41 47 8
41 48 8
41 49 8
41 50 8
41 51 6
41 52 4
41 53 6
41 54 8
41 55 9
41 56 9
41 57 4
41 58 1
41 59 7
41 60 7
41 61 9
41 62 2
41 63 7
41 64 8
41 65 6
41 66 5
41 67 4
41 68 6
41 69 5
41 70 2
41 71 2
41 72 7
41 73 1
41 74 9
41 75 9
41 76 6
41 77 8
41 78 4
41 79 3
41 80 3
41 81 4
41 82 5
41 83 6
41 84 4
41 85 4
41 86 6
41 87 2
41 88 7
41 89 9
41 90 8
41 91 6
41 92 2
41 93 8
41 94 7
41 95 1
41 96 3
41 97 2
41 98 7
41 99 9
41 100 3
42 43 4
42 44 4
42 45 8
42 46 4
42 47 5
42 48 1
42 49 5
42 50 5
42 51 7
42 52 7
42 53 5
42 54 8
42 55 5
42 56 3
42 57 4
42 58 7
42 59 1
42 60 2
42 61 7
42 62 5
42 63 5
42 64 3
42 65 3
42 66 1
42 67 6
42 68 4
42 69 2
42 70 5
42 71 4
42 72 4
42 73 3
42 74 8
42 75 2
42 76 9
42 77 3
42 78 1
42 79 5
42 80 8
42 81 5
42 82 4
42 83 6
42 84 2
42 85 6
42 86 2
42 87 6
42 88 5
42 89 1
42 90 2
42 91 3
42 92 4
42 93 7
42 94 7
42 95 1
42 96 9
42 97 3
42 98 3
42 99 2
42 100 2
43 44 4
43 45 8
43 46 1
43 47 6
43 48 4
43 49 9
43 50 7
43 51 7
43 52 2
43 53 6
43 54 5
43 55 8
43 56 6
43 57 4
43 58 1
43 59 6
43 60 6
43 61 1
43 62 6
43 63 9
43 64 9
43 65 3
43 66 9
43 67 3
43 68 7
43 69 1
43 70 2
43 71 2
43 72 5
43 73 3
43 74 5
43 75 5
43 76 9
43 77 5
43 78 1
43 79 8
43 80 6
43 81 4
43 82 8
43 83 9
43 84 4
43 85 6
43 86 1
43 87 7
43 88 9
43 89 9
43 90 9
43 91 8
43 92 4
43 93 2
43 94 6
43 95 8
43 96 7
43 97 9
43 98 3
43 99 3
43 100 3
44 45 1
44 46 7
44 47 5
44 48 5
44 49 7
44 50 3
44 51 8
44 52 1
44 53 5
44 54 2
44 55 7
44 56 5
44 57 9
44 58 2
44 59 5
44 60 8
44 61 9
44 62 9
44 63 3
44 64 5
44 65 2
44 66 8
44 67 1
44 68 5
44 69 9
44 70 4
44 71 7
44 72 2
44 73 3
44 74 5
44 75 9
44 76 3
44 77 4
44 78 2
44 79 5
44 80 5
44 81 9
44 82 3
44 83 9
44 84 9
44 85 1
44 86 9
44 87 3
44 88 4
44 89 9
44 90 9
44 91 8
44 92 1
44 93 8
44 94 7
44 95 6
44 96 3
44 97 5
44 98 4
44 99 7
44 100 1
45 46 9
45 47 5
45 48 9
45 49 1
45 50 9
45 51 7
45 52 2
45 53 9
45 54 3
45 55 9
45 56 5
45 57 6
45 58 9
45 59 3
45 60 4
45 61 4
45 62 2
45 63 6
45 64 6
45 65 6
45 66 3
45 67 4
45 68 8
45 69 5
45 70 6
45 71 4
45 72 9
45 73 1
45 74 6
45 75 1
45 76 1
45 77 1
45 78 5
45 79 7
45 80 3
45 81 1
45 82 7
45 83 9
45 84 3
45 85 5
45 86 3
45 87 6
45 88 5
45 89 4
45 90 1
45 91 8
45 92 3
45 93 9
45 94 5
45 95 1
45 96 5
45 97 4
45 98 7
45 99 7
45 100 8
46 47 1
46 48 4
46 49 8
46 50 9
46 51 4
46 52 1
46 53 5
46 54 5
46 55 5
46 56 6
46 57 5
46 58 8
46 59 8
46 60 9
46 61 5
46 62 2
46 63 2
46 64 3
46 65 4
46 66 9
46 67 4
46 68 1
46 69 5
46 70 9
46 71 5
46 72 4
46 73 8
46 74 3
46 75 2
46 76 5
46 77 4
46 78 3
46 79 7
46 80 3
46 81 7
46 82 8
46 83 8
46 84 2
46 85 5
46 86 8
46 87 9
46 88 5
46 89 3
46 90 1
46 91 6
46 92 7
46 93 6
46 94 8
46 95 4
46 96 4
46 97 7
46 98 8
46 99 9
46 100 7
47 48 9
47 49 5
47 50 2
47 51 3
47 52 3
47 53 5
47 54 1
47 55 5
47 56 2
47 57 1
47 58 2
47 59 7
47 60 8
47 61 1
47 62 7
47 63 2
47 64 5
47 65 2
47 66 2
47 67 6
47 68 3
47 69 5
47 70 1
47 71 7
47 72 2
47 73 1
47 74 7
47 75 6
47 76 4
47 77 1
47 78 8
47 79 9
47 80 9
47 81 8
47 82 3
47 83 3
47 84 7
47 85 3
47 86 3
47 87 5
47 88 7
47 89 6
47 90 5
47 91 5
47 92 7
47 93 9
47 94 8
47 95 3
47 96 6
47 97 2
47 98 2
47 99 6
47 100 5
48 49 9
48 50 7
48 51 4
48 52 8
48 53 8
48 54 2
48 55 7
48 56 8
48 57 4
48 58 4
48 59 8
48 60 4
48 61 6
48 62 3
48 63 8
48 64 1
48 65 5
48 66 3
48 67 8
48 68 2
48 69 2
48 70 1
48 71 6
48 72 9
48 73 9
48 74 6
48 75 2
48 76 4
48 77 5
48 78 4
48 79 5
48 80 4
48 81 6
48 82 9
48 83 9
48 84 5
48 85 2
48 86 6
48 87 8
48 88 6
48 89 5
48 90 3
48 91 4
48 92 9
48 93 1
48 94 1
48 95 2
48 96 6
48 97 9
48 98 9
48 99 1
48 100 4
49 50 9
49 51 8
49 52 7
49 53 5
49 54 9
49 55 3
49 56 6
49 57 5
49 58 5
49 59 4
49 60 5
49 61 3
49 62 1
49 63 1
49 64 4
49 65 7
49 66 9
49 67 8
49 68 7
49 69 1
49 70 7
49 71 5
49 72 1
49 73 8
49 74 4
49 75 9
49 76 6
49 77 3
49 78 3
49 79 2
49 80 4
49 81 7
49 82 1
49 83 4
49 84 9
49 85 6
49 86 8
49 87 7
49 88 3
49 89 5
49 90 1
49 91 9
49 92 4
49 93 8
49 94 9
49 95 5
49 96 4
49 97 6
49 98 6
49 99 4
49 100 6
50 51 3
50 52 6
50 53 4
50 54 3
50 55 4
50 56 7
50 57 8
50 58 6
50 59 6
50 60 7
50 61 6
50 62 5
50 63 1
50 64 2
50 65 1
50 66 6
50 67 5
50 68 1
50 69 9
50 70 9
50 71 7
50 72 4
50 73 2
50 74 2
50 75 9
50 76 1
50 77 9
50 78 7
50 79 1
50 80 2
50 81 7
50 82 2
50 83 5
50 84 7
50 85 5
50 86 9
50 87 8
50 88 2
50 89 4
50 90 2
50 91 6
50 92 7
50 93 4
50 94 7
50 95 9
50 96 8
50 97 4
50 98 3
50 99 9
50 100 9
51 52 6
51 53 9
51 54 2
51 55 5
51 56 4
51 57 6
51 58 8
51 59 8
51 60 8
51 61 9
51 62 9
51 63 5
51 64 2
51 65 3
51 66 7
51 67 9
51 68 7
51 69 7
51 70 8
51 71 1
51 72 8
51 73 9
51 74 3
51 75 9
51 76 4
51 77 3
51 78 1
51 79 7
51 80 9
51 81 8
51 82 4
51 83 1
51 84 7
51 85 6
51 86 5
51 87 1
51 88 9
51 89 6
51 90 6
51 91 9
51 92 6
51 93 8
51 94 6
51 95 1
51 96 4
51 97 7
51 98 9
51 99 2
51 100 8
52 53 3
52 54 3
52 55 2
52 56 5
52 57 3
52 58 8
52 59 7
52 60 7
52 61 9
52 62 8
52 63 7
52 64 9
52 65 4
52 66 7
52 67 8
52 68 8
52 69 5
52 70 3
52 71 3
52 72 6
52 73 5
52 74 2
52 75 3
52 76 8
52 77 5
52 78 8
52 79 3
52 80 5
52 81 4
52 82 7
52 83 6
52 84 9
52 85 4
52 86 4
52 87 9
52 88 7
52 89 5
52 90 2
52 91 4
52 92 5
52 93 8
52 94 6
52 95 3
52 96 6
52 97 1
52 98 4
52 99 8
52 100 5
53 54 3
53 55 1
53 56 3
53 57 7
53 58 9
53 59 3
53 60 9
53 61 4
53 62 3
53 63 3
53 64 9
53 65 5
53 66 8
53 67 1
53 68 8
53 69 1
53 70 6
53 71 8
53 72 4
53 73 7
53 74 1
53 75 2
53 76 8
53 77 2
53 78 4
53 79 9
53 80 8
53 81 6
53 82 3
53 83 6
53 84 5
53 85 5
53 86 2
53 87 8
53 88 3
53 89 7
53 90 8
53 91 9
53 92 5
53 93 1
53 94 9
53 95 1
53 96 4
53 97 6
53 98 5
53 99 9
53 100 1
54 55 6
54 56 3
54 57 1
54 58 7
54 59 3
54 60 1
54 61 5
54 62 1
54 63 9
54 64 1
54 65 6
54 66 3
54 67 7
54 68 9
54 69 2
54 70 3
54 71 1
54 72 6
54 73 2
54 74 7
54 75 1
54 76 3
54 77 3
54 78 9
54 79 4
54 80 2
54 81 9
54 82 9
54 83 2
54 84 8
54 85 5
54 86 6
54 87 1
54 88 5
54 89 5
54 90 2
54 91 8
54 92 4
54 93 8
54 94 8
54 95 6
54 96 3
54 97 9
54 98 6
54 99 4
54 100 5
55 56 5
55 57 8
55 58 7
55 59 3
55 60 6
55 61 9
55 62 4
55 63 8
55 64 4
55 65 4
55 66 6
55 67 4
55 68 8
55 69 8
55 70 7
55 71 5
55 72 4
55 73 5
55 74 9
55 75 3
55 76 8
55 77 5
55 78 4
55 79 5
55 80 2
55 81 6
55 82 6
55 83 9
55 84 9
55 85 6
55 86 6
55 87 3
55 88 2
55 89 3
55 90 6
55 91 9
55 92 5
55 93 3
55 94 1
55 95 2
55 96 1
55 97 1
55 98 9
55 99 2
55 100 4
56 57 2
56 58 1
56 59 5
56 60 3
56 61 5
56 62 5
56 63 5
56 64 9
56 65 3
56 66 1
56 67 8
56 68 2
56 69 2
56 70 1
56 71 1
56 72 7
56 73 4
56 74 6
56 75 1
56 76 9
56 77 2
56 78 1
56 79 2
56 80 5
56 81 1
56 82 2
56 83 6
56 84 5
56 85 1
56 86 5
56 87 4
56 88 6
56 89 3
56 90 5
56 91 8
56 92 5
56 93 9
56 94 1
56 95 9
56 96 2
56 97 9
56 98 9
56 99 7
56 100 4
57 58 5
57 59 7
57 60 4
57 61 6
57 62 4
57 63 2
57 64 5
57 65 1
57 66 6
57 67 5
57 68 7
57 69 9
57 70 7
57 71 2
57 72 6
57 73 1
57 74 6
57 75 5
57 76 6
57 77 1
57 78 1
57 79 4
57 80 6
57 81 8
57 82 1
57 83 2
57 84 3
57 85 6
57 86 4
57 87 7
57 88 8
57 89 8
57 90 3
57 91 2
57 92 7
57 93 8
57 94 4
57 95 8
57 96 5
57 97 8
57 98 9
57 99 6
57 100 7
58 59 4
58 60 3
58 61 9
58 62 7
58 63 6
58 64 2
58 65 6
58 66 9
58 67 4
58 68 1
58 69 5
58 70 6
58 71 1
58 72 5
58 73 7
58 74 1
58 75 9
58 76 2
58 77 1
58 78 1
58 79 4
58 80 9
58 81 3
58 82 8
58 83 3
58 84 4
58 85 8
58 86 3
58 87 7
58 88 7
58 89 4
58 90 5
58 91 4
58 92 2
58 93 9
58 94 3
58 95 7
58 96 4
58 97 8
58 98 8
58 99 4
58 100 2
59 60 5
59 61 6
59 62 7
59 63 3
59 64 6
59 65 2
59 66 8
59 67 5
59 68 2
59 69 8
59 70 8
59 71 3
59 72 4
59 73 7
59 74 5
59 75 3
59 76 9
59 77 7
59 78 4
59 79 7
59 80 8
59 81 4
59 82 4
59 83 1
59 84 4
59 85 9
59 86 8
59 87 6
59 88 8
59 89 2
59 90 7
59 91 4
59 92 7
59 93 6
59 94 4
59 95 2
59 96 1
59 97 5
59 98 8
59 99 2
59 100 2
60 61 7
60 62 2
60 63 3
60 64 6
60 65 7
60 66 1
60 67 9
60 68 4
60 69 4
60 70 5
60 71 8
60 72 1
60 73 5
60 74 4
60 75 3
60 76 4
60 77 5
60 78 4
60 79 6
60 80 6
60 81 2
60 82 1
60 83 7
60 84 9
60 85 4
60 86 2
60 87 9
60 88 9
60 89 4
60 90 3
60 91 7
60 92 2
60 93 5
60 94 6
60 95 6
60 96 8
60 97 3
60 98 8
60 99 5
60 100 6
61 62 3
61 63 7
61 64 2
61 65 8
61 66 1
61 67 9
61 68 1
61 69 2
61 70 1
61 71 9
61 72 1
61 73 7
61 74 5
61 75 1
61 76 6
61 77 6
61 78 8
61 79 3
61 80 4
61 81 7
61 82 7
61 83 9
61 84 5
61 85 8
61 86 9
61 87 3
61 88 9
61 89 6
61 90 5
61 91 5
61 92 4
61 93 9
61 94 2
61 95 7
61 96 9
61 97 3
61 98 1
61 99 5
61 100 4
62 63 5
62 64 7
62 65 9
62 66 4
62 67 7
62 68 1
62 69 6
62 70 5
62 71 7
62 72 8
62 73 8
62 74 7
62 75 2
62 76 6
62 77 3
62 78 4
62 79 1
62 80 1
62 81 6
62 82 8
62 83 5
62 84 5
62 85 6
62 86 4
62 87 1
62 88 1
62 89 4
62 90 7
62 91 4
62 92 6
62 93 7
62 94 9
62 95 6
62 96 4
62 97 6
62 98 2
62 99 4
62 100 1
63 64 1
63 65 5
63 66 8
63 67 9
63 68 4
63 69 2
63 70 6
63 71 2
63 72 2
63 73 2
63 74 2
63 75 5
63 76 2
63 77 8
63 78 3
63 79 8
63 80 7
63 81 2
63 82 6
63 83 2
63 84 7
63 85 7
63 86 8
63 87 4
63 88 7
63 89 5
63 90 2
63 91 5
63 92 9
63 93 6
63 94 6
63 95 6
63 96 7
63 97 3
63 98 6
63 99 7
63 100 8
64 65 3
64 66 5
64 67 7
64 68 5
64 69 9
64 70 2
64 71 1
64 72 6
64 73 2
64 74 2
64 75 5
64 76 5
64 77 7
64 78 7
64 79 3
64 80 7
64 81 9
64 82 1
64 83 2
64 84 5
64 85 9
64 86 9
64 87 2
64 88 8
64 89 2
64 90 8
64 91 5
64 92 7
64 93 7
64 94 7
64 95 4
64 96 5
64 97 9
64 98 1
64 99 4
64 100 1
65 66 5
65 67 8
65 68 8
65 69 9
65 70 2
65 71 7
65 72 5
65 73 8
65 74 6
65 75 9
65 76 8
65 77 9
65 78 8
65 79 4
65 80 3
65 81 8
65 82 6
65 83 3
65 84 5
65 85 6
65 86 5
65 87 7
65 88 1
65 89 6
65 90 4
65 91 4
65 92 8
65 93 1
65 94 4
65 95 2
65 96 9
65 97 9
65 98 1
65 99 5
65 100 7
66 67 4
66 68 1
66 69 7
66 70 6
66 71 2
66 72 8
66 73 3
66 74 7
66 75 8
66 76 4
66 77 9
66 78 3
66 79 3
66 80 7
66 81 9
66 82 7
66 83 5
66 84 7
66 85 1
66 86 5
66 87 6
66 88 9
66 89 1
66 90 6
66 91 2
66 92 8
66 93 5
66 94 5
66 95 2
66 96 2
66 97 8
66 98 7
66 99 9
66 100 9
67 68 2
67 69 4
67 70 1
67 71 5
67 72 3
67 73 4
67 74 4
67 75 1
67 76 3
67 77 9
67 78 1
67 79 9
67 80 6
67 81 1
67 82 5
67 83 9
67 84 9
67 85 8
67 86 4
67 87 6
67 88 7
67 89 2
67 90 4
67 91 5
67 92 1
67 93 3
67 94 8
67 95 6
67 96 9
67 97 1
67 98 5
67 99 2
67 100 8
68 69 4
68 70 4
68 71 3
68 72 2
68 73 7
68 74 8
68 75 5
68 76 4
68 77 6
68 78 6
68 79 6
68 80 7
68 81 8
68 82 4
68 83 7
68 84 1
68 85 5
68 86 2
68 87 3
68 88 4
68 89 8
68 90 9
68 91 3
68 92 3
68 93 7
68 94 8
68 95 4
68 96 8
68 97 9
68 98 1
68 99 2
68 100 1
69 70 4
69 71 2
69 72 2
69 73 9
69 74 3
69 75 1
69 76 8
69 77 3
69 78 3
69 79 1
69 80 7
69 81 5
69 82 6
69 83 7
69 84 6
69 85 2
69 86 6
69 87 9
69 88 9
69 89 2
69 90 4
69 91 1
69 92 1
69 93 9
69 94 5
69 95 6
69 96 1
69 97 6
69 98 4
69 99 5
69 100 5
70 71 6
70 72 1
70 73 9
70 74 3
70 75 2
70 76 6
70 77 6
70 78 6
70 79 5
70 80 7
70 81 3
70 82 6
70 83 1
70 84 4
70 85 1
70 86 4
70 87 5
70 88 4
70 89 9
70 90 7
70 91 8
70 92 2
70 93 5
70 94 4
70 95 7
70 96 4
70 97 6
70 98 6
70 99 3
70 100 4
71 72 4
71 73 5
71 74 4
71 75 7
71 76 5
71 77 6
71 78 1
71 79 5
71 80 6
71 81 3
71 82 4
71 83 7
71 84 6
71 85 6
71 86 9
71 87 1
71 88 5
71 89 6
71 90 3
71 91 5
71 92 4
71 93 7
71 94 7
71 95 5
71 96 4
71 97 6
71 98 4
71 99 5
71 100 5
72 73 7
72 74 6
72 75 7
72 76 6
72 77 5
72 78 9
72 79 4
72 80 1
72 81 8
72 82 7
72 83 5
72 84 4
72 85 4
72 86 2
72 87 2
72 88 7
72 89 1
72 90 9
72 91 3
72 92 1
72 93 6
72 94 6
72 95 2
72 96 7
72 97 4
72 98 6
72 99 4
72 100 8
73 74 7
73 75 3
73 76 9
73 77 8
73 78 6
73 79 4
73 80 8
73 81 3
73 82 7
73 83 2
73 84 3
73 85 3
73 86 4
73 87 5
73 88 1
73 89 9
73 90 9
73 91 4
73 92 9
73 93 1
73 94 2
73 95 6
73 96 5
73 97 2
73 98 6
73 99 9
73 100 5
74 75 5
74 76 9
74 77 2
74 78 2
74 79 7
74 80 2
74 81 1
74 82 8
74 83 9
74 84 7
74 85 7
74 86 8
74 87 8
74 88 7
74 89 4
74 90 1
74 91 7
74 92 7
74 93 8
74 94 7
74 95 1
74 96 8
74 97 9
74 98 9
74 99 1
74 100 1
75 76 5
75 77 4
75 78 1
75 79 1
75 80 7
75 81 4
75 82 1
75 83 4
75 84 5
75 85 2
75 86 7
75 87 2
75 88 8
75 89 5
75 90 2
75 91 7
75 92 1
75 93 3
75 94 1
75 95 3
75 96 1
75 97 3
75 98 1
75 99 3
75 100 6
76 77 1
76 78 8
76 79 7
76 80 7
76 81 6
76 82 4
76 83 2
76 84 5
76 85 4
76 86 3
76 87 1
76 88 8
76 89 2
76 90 5
76 91 4
76 92 6
76 93 2
76 94 4
76 95 1
76 96 7
76 97 8
76 98 1
76 99 2
76 100 7
77 78 6
77 79 3
77 80 9
77 81 5
77 82 6
77 83 6
77 84 6
77 85 5
77 86 9
77 87 8
77 88 3
77 89 9
77 90 2
77 91 7
77 92 4
77 93 3
77 94 3
77 95 9
77 96 1
77 97 9
77 98 3
77 99 3
77 100 4
78 79 1
78 80 9
78 81 1
78 82 2
78 83 3
78 84 7
78 85 5
78 86 6
78 87 3
78 88 9
78 89 4
78 90 6
78 91 2
78 92 9
78 93 2
78 94 9
78 95 6
78 96 2
78 97 2
78 98 2
78 99 2
78 100 5
79 80 1
79 81 7
79 82 8
79 83 5
79 84 3
79 85 7
79 86 2
79 87 2
79 88 6
79 89 5
79 90 6
79 91 3
79 92 7
79 93 3
79 94 9
79 95 7
79 96 8
79 97 1
79 98 1
79 99 7
79 100 4
80 81 8
80 82 5
80 83 7
80 84 9
80 85 7
80 86 4
80 87 4
80 88 6
80 89 1
80 90 9
80 91 9
80 92 1
80 93 9
80 94 5
80 95 1
80 96 4
80 97 4
80 98 6
80 99 7
80 100 4
81 82 2
81 83 5
81 84 8
81 85 2
81 86 7
81 87 8
81 88 7
81 89 8
81 90 7
81 91 8
81 92 5
81 93 4
81 94 2
81 95 5
81 96 6
81 97 3
81 98 6
81 99 8
81 100 1
82 83 3
82 84 6
82 85 7
82 86 1
82 87 2
82 88 7
82 89 3
82 90 7
82 91 7
82 92 1
82 93 9
82 94 3
82 95 4
82 96 1
82 97 2
82 98 1
82 99 4
82 100 7
83 84 2
83 85 9
83 86 7
83 87 3
83 88 5
83 89 5
83 90 9
83 91 3
83 92 7
83 93 5
83 94 3
83 95 3
83 96 1
83 97 5
83 98 9
83 99 8
83 100 9
84 85 7
84 86 4
84 87 4
84 88 6
84 89 2
84 90 9
84 91 7
84 92 6
84 93 7
84 94 2
84 95 4
84 96 5
84 97 1
84 98 6
84 99 1
84 100 4
85 86 8
85 87 7
85 88 6
85 89 7
85 90 3
85 91 5
85 92 7
85 93 1
85 94 4
85 95 6
85 96 5
85 97 3
85 98 2
85 99 6
85 100 2
86 87 3
86 88 2
86 89 8
86 90 3
86 91 6
86 92 5
86 93 6
86 94 1
86 95 5
86 96 5
86 97 4
86 98 8
86 99 3
86 100 2
87 88 3
87 89 1
87 90 6
87 91 9
87 92 9
87 93 7
87 94 8
87 95 3
87 96 8
87 97 2
87 98 4
87 99 3
87 100 2
88 89 3
88 90 1
88 91 9
88 92 1
88 93 8
88 94 2
88 95 3
88 96 7
88 97 1
88 98 9
88 99 2
88 100 8
89 90 2
89 91 6
89 92 3
89 93 8
89 94 6
89 95 2
89 96 2
89 97 1
89 98 9
89 99 1
89 100 4
90 91 2
90 92 6
90 93 9
90 94 3
90 95 5
90 96 3
90 97 5
90 98 7
90 99 2
90 100 8
91 92 9
91 93 1
91 94 6
91 95 2
91 96 8
91 97 4
91 98 7
91 99 9
91 100 5
92 93 1
92 94 1
92 95 1
92 96 7
92 97 2
92 98 3
92 99 2
92 100 1
93 94 9
93 95 3
93 96 2
93 97 7
93 98 7
93 99 2
93 100 1
94 95 8
94 96 5
94 97 6
94 98 6
94 99 2
94 100 2
95 96 9
95 97 9
95 98 1
95 99 9
95 100 8
96 97 1
96 98 3
96 99 9
96 100 8
97 98 5
97 99 3
97 100 6
98 99 2
98 100 6
99 100 2
