14
1 2 7
1 3 8
1 4 1
1 5 6
1 6 4
1 7 7
1 8 7
1 9 8
1 10 2
1 11 3
1 12 4
1 13 9
1 14 1
2 3 6
2 4 3
2 5 8
2 6 8
2 7 7
2 8 9
2 9 5
2 10 1
2 11 8
2 12 7
2 13 7
2 14 8
3 4 4
3 5 3
3 6 6
3 7 6
3 8 8
3 9 2
3 10 8
3 11 5
3 12 8
3 13 5
3 14 4
4 5 2
4 6 5
4 7 6
4 8 3
4 9 4
4 10 9
4 11 1
4 12 2
4 13 9
4 14 7
5 6 1
5 7 3
5 8 8
5 9 8
5 10 4
5 11 3
5 12 3
5 13 1
5 14 9
6 7 6
6 8 3
6 9 6
6 10 9
6 11 5
6 12 5
6 13 6
6 14 2
7 8 5
7 9 8
7 10 5
7 11 2
7 12 5
7 13 6
7 14 2
8 9 3
8 10 1
8 11 6
8 12 2
8 13 3
8 14 5
9 10 3
9 11 3
9 12 7
9 13 5
9 14 9
10 11 3
10 12 4
10 13 1
10 14 8
11 12 7
11 13 6
11 14 9
12 13 3
12 14 3
13 14 8
