15
1 2 9
1 3 9
1 4 3
1 5 1
1 6 5
1 7 2
1 8 1
1 9 6
1 10 9
1 11 4
1 12 1
1 13 3
1 14 1
1 15 1
2 3 2
2 4 2
2 5 5
2 6 2
2 7 5
2 8 1
2 9 7
2 10 6
2 11 1
2 12 9
2 13 6
2 14 7
2 15 5
3 4 4
3 5 8
3 6 7
3 7 1
3 8 3
3 9 9
3 10 7
3 11 4
3 12 4
3 13 7
3 14 8
3 15 8
4 5 3
4 6 1
4 7 6
4 8 1
4 9 6
4 10 8
4 11 5
4 12 1
4 13 5
4 14 5
4 15 4
5 6 1
5 7 6
5 8 1
5 9 1
5 10 2
5 11 1
5 12 6
5 13 7
5 14 4
5 15 2
6 7 3
6 8 5
6 9 1
6 10 3
6 11 7
6 12 7
6 13 7
6 14 5
6 15 6
7 8 7
7 9 1
7 10 2
7 11 7
7 12 3
7 13 3
7 14 8
7 15 2
8 9 7
8 10 3
8 11 8
8 12 5
8 13 1
8 14 8
8 15 5
9 10 4
9 11 6
9 12 5
9 13 4
9 14 5
9 15 5
10 11 5
10 12 7
10 13 8
10 14 9
10 15 7
11 12 8
11 13 8
11 14 6
11 15 6
12 13 9
12 14 4
12 15 1
13 14 9
13 15 6
14 15 3
