16
1 2 9
1 3 8
1 4 4
1 5 7
1 6 9
1 7 3
1 8 6
1 9 9
1 10 9
1 11 5
1 12 8
1 13 8
1 14 3
1 15 8
1 16 7
2 3 4
2 4 8
2 5 4
2 6 2
2 7 6
2 8 9
2 9 1
2 10 2
2 11 3
2 12 6
2 13 2
2 14 4
2 15 2
2 16 4
3 4 8
3 5 7
3 6 7
3 7 9
3 8 5
3 9 2
3 10 5
3 11 6
3 12 9
3 13 9
3 14 8
3 15 7
3 16 1
4 5 2
4 6 7
4 7 4
4 8 3
4 9 6
4 10 9
4 11 5
4 12 4
4 13 7
4 14 3
4 15 4
4 16 1
5 6 3
5 7 8
5 8 8
5 9 1
5 10 8
5 11 5
5 12 6
5 13 2
5 14 7
5 15 9
5 16 8
6 7 1
6 8 2
6 9 8
6 10 1
6 11 2
6 12 1
6 13 6
6 14 6
6 15 4
6 16 2
7 8 2
7 9 6
7 10 4
7 11 2
7 12 6
7 13 2
7 14 8
7 15 2
7 16 5
8 9 4
8 10 8
8 11 7
8 12 2
8 13 9
8 14 3
8 15 4
8 16 8
9 10 9
9 11 5
9 12 9
9 13 2
9 14 2
9 15 4
9 16 9
10 11 3
10 12 1
10 13 3
10 14 2
10 15 3
10 16 6
11 12 7
11 13 2
11 14 1
11 15 3
11 16 2
12 13 8
12 14 5
12 15 3
12 16 1
13 14 7
13 15 2
13 16 5
14 15 5
14 16 2
15 16 9
