17
1 2 1
1 3 2
1 4 1
1 5 5
1 6 5
1 7 2
1 8 1
1 9 3
1 10 6
1 11 4
1 12 9
1 13 3
1 14 7
1 15 7
1 16 1
1 17 8
2 3 8
2 4 7
2 5 7
2 6 2
2 7 6
2 8 9
2 9 9
2 10 4
2 11 2
2 12 6
2 13 9
2 14 5
2 15 3
2 16 7
2 17 2
3 4 9
3 5 3
3 6 7
3 7 4
3 8 5
3 9 9
3 10 2
3 11 8
3 12 7
3 13 8
3 14 3
3 15 1
3 16 8
3 17 5
4 5 1
4 6 1
4 7 6
4 8 4
4 9 4
4 10 1
4 11 6
4 12 9
4 13 5
4 14 3
4 15 8
4 16 5
4 17 9
5 6 8
5 7 6
5 8 3
5 9 6
5 10 3
5 11 9
5 12 4
5 13 1
5 14 4
5 15 6
5 16 5
5 17 7
6 7 6
6 8 1
6 9 8
6 10 4
6 11 6
6 12 7
6 13 1
6 14 2
6 15 6
6 16 6
6 17 2
7 8 9
7 9 4
7 10 6
7 11 2
7 12 9
7 13 6
7 14 8
7 15 1
7 16 2
7 17 1
8 9 8
8 10 3
8 11 9
8 12 2
8 13 4
8 14 6
8 15 1
8 16 4
8 17 1
9 10 8
9 11 7
9 12 6
9 13 1
9 14 4
9 15 2
9 16 9
9 17 7
10 11 9
10 12 6
10 13 5
10 14 3
10 15 9
10 16 4
10 17 5
11 12 2
11 13 8
11 14 2
11 15 8
11 16 6
11 17 2
12 13 8
12 14 1
12 15 8
12 16 8
12 17 2
13 14 7
13 15 3
13 16 9
13 17 6
14 15 8
14 16 9
14 17 5
15 16 9
15 17 2
16 17 4
