18
1 2 8
1 3 4
1 4 5
1 5 2
1 6 5
1 7 4
1 8 3
1 9 7
1 10 1
1 11 9
1 12 1
1 13 5
1 14 6
1 15 2
1 16 2
1 17 8
1 18 2
2 3 2
2 4 6
2 5 5
2 6 1
2 7 5
2 8 5
2 9 4
2 10 4
2 11 1
2 12 1
2 13 1
2 14 6
2 15 6
2 16 1
2 17 4
2 18 4
3 4 8
3 5 8
3 6 6
3 7 5
3 8 5
3 9 4
3 10 4
3 11 5
3 12 6
3 13 1
3 14 7
3 15 9
3 16 5
3 17 6
3 18 1
4 5 8
4 6 4
4 7 3
4 8 3
4 9 9
4 10 1
4 11 8
4 12 2
4 13 6
4 14 8
4 15 7
4 16 8
4 17 4
4 18 9
5 6 8
5 7 9
5 8 5
5 9 8
5 10 4
5 11 7
5 12 9
5 13 4
5 14 7
5 15 2
5 16 8
5 17 6
5 18 9
6 7 9
6 8 4
6 9 5
6 10 8
6 11 9
6 12 5
6 13 3
6 14 1
6 15 1
6 16 9
6 17 8
6 18 1
7 8 4
7 9 7
7 10 7
7 11 7
7 12 4
7 13 9
7 14 6
7 15 4
7 16 9
7 17 8
7 18 5
8 9 5
8 10 9
8 11 6
8 12 1
8 13 8
8 14 7
8 15 4
8 16 8
8 17 9
8 18 9
9 10 7
9 11 2
9 12 8
9 13 8
9 14 8
9 15 9
9 16 7
9 17 1
9 18 2
10 11 1
10 12 3
10 13 5
10 14 8
10 15 4
10 16 9
10 17 7
10 18 3
11 12 4
11 13 6
11 14 6
11 15 3
11 16 8
11 17 5
11 18 6
12 13 2
12 14 3
12 15 4
12 16 1
12 17 6
12 18 7
13 14 2
13 15 5
13 16 1
13 17 1
13 18 6
14 15 6
14 16 4
14 17 4
14 18 8
15 16 3
15 17 9
15 18 2
16 17 2
16 18 6
17 18 6
