19
1 2 9
1 3 6
1 4 9
1 5 2
1 6 1
1 7 7
1 8 3
1 9 1
1 10 9
1 11 6
1 12 2
1 13 1
1 14 2
1 15 9
1 16 7
1 17 1
1 18 3
1 19 3
2 3 3
2 4 9
2 5 2
2 6 1
2 7 3
2 8 4
2 9 9
2 10 7
2 11 4
2 12 5
2 13 5
2 14 8
2 15 8
2 16 4
2 17 6
2 18 1
2 19 5
3 4 4
3 5 9
3 6 8
3 7 3
3 8 3
3 9 7
3 10 1
3 11 3
3 12 6
3 13 8
3 14 6
3 15 3
3 16 3
3 17 6
3 18 3
3 19 5
4 5 7
4 6 4
4 7 1
4 8 2
4 9 8
4 10 3
4 11 9
4 12 8
4 13 5
4 14 1
4 15 5
4 16 7
4 17 6
4 18 4
4 19 2
5 6 9
5 7 6
5 8 9
5 9 5
5 10 2
5 11 9
5 12 6
5 13 9
5 14 2
5 15 5
5 16 8
5 17 1
5 18 9
5 19 4
6 7 8
6 8 5
6 9 8
6 10 3
6 11 2
6 12 4
6 13 4
6 14 2
6 15 8
6 16 4
6 17 7
6 18 8
6 19 2
7 8 6
7 9 4
7 10 4
7 11 5
7 12 9
7 13 8
7 14 5
7 15 1
7 16 7
7 17 9
7 18 5
7 19 1
8 9 5
8 10 4
8 11 2
8 12 7
8 13 5
8 14 4
8 15 5
8 16 3
8 17 7
8 18 9
8 19 6
9 10 5
9 11 1
9 12 5
9 13 1
9 14 9
9 15 7
9 16 3
9 17 8
9 18 8
9 19 5
10 11 8
10 12 2
10 13 8
10 14 5
10 15 4
10 16 4
10 17 2
10 18 3
10 19 2
11 12 4
11 13 3
11 14 1
11 15 8
11 16 1
11 17 8
11 18 7
11 19 5
12 13 1
12 14 6
12 15 3
12 16 3
12 17 9
12 18 8
12 19 7
13 14 8
13 15 5
13 16 7
13 17 8
13 18 6
13 19 1
14 15 1
14 16 5
14 17 3
14 18 9
14 19 2
15 16 3
15 17 8
15 18 6
15 19 7
16 17 7
16 18 6
16 19 5
17 18 2
17 19 8
18 19 3
