20
1 2 4
1 3 8
1 4 4
1 5 2
1 6 5
1 7 6
1 8 4
1 9 1
1 10 2
1 11 9
1 12 3
1 13 3
1 14 3
1 15 7
1 16 3
1 17 6
1 18 5
1 19 4
1 20 6
2 3 2
2 4 2
2 5 5
2 6 1
2 7 2
2 8 9
2 9 6
2 10 8
2 11 1
2 12 6
2 13 3
2 14 7
2 15 9
2 16 3
2 17 7
2 18 5
2 19 1
2 20 7
3 4 3
3 5 5
3 6 3
3 7 7
3 8 2
3 9 8
3 10 7
3 11 7
3 12 7
3 13 1
3 14 5
3 15 2
3 16 2
3 17 7
3 18 6
3 19 2
3 20 8
4 5 7
4 6 6
4 7 6
4 8 7
4 9 1
4 10 1
4 11 7
4 12 1
4 13 6
4 14 1
4 15 6
4 16 8
4 17 6
4 18 1
4 19 7
4 20 5
5 6 2
5 7 6
5 8 8
5 9 5
5 10 2
5 11 1
5 12 5
5 13 4
5 14 9
5 15 3
5 16 1
5 17 4
5 18 1
5 19 2
5 20 2
6 7 7
6 8 6
6 9 7
6 10 8
6 11 3
6 12 8
6 13 4
6 14 1
6 15 3
6 16 9
6 17 8
6 18 6
6 19 9
6 20 9
7 8 6
7 9 4
7 10 9
7 11 4
7 12 2
7 13 3
7 14 1
7 15 2
7 16 9
7 17 4
7 18 2
7 19 9
7 20 6
8 9 9
8 10 4
8 11 3
8 12 8
8 13 3
8 14 3
8 15 4
8 16 2
8 17 4
8 18 2
8 19 9
8 20 7
9 10 3
9 11 3
9 12 7
9 13 6
9 14 8
9 15 4
9 16 2
9 17 1
9 18 7
9 19 1
9 20 2
10 11 1
10 12 9
10 13 7
10 14 1
10 15 5
10 16 5
10 17 9
10 18 6
10 19 8
10 20 3
11 12 2
11 13 1
11 14 7
11 15 8
11 16 9
11 17 7
11 18 4
11 19 4
11 20 9
12 13 9
12 14 9
12 15 7
12 16 8
12 17 9
12 18 1
12 19 2
12 20 3
13 14 5
13 15 7
13 16 6
13 17 6
13 18 8
13 19 6
13 20 1
14 15 8
14 16 5
14 17 7
14 18 3
14 19 6
14 20 9
15 16 9
15 17 4
15 18 8
15 19 1
15 20 8
16 17 8
16 18 9
16 19 4
16 20 4
17 18 4
17 19 4
17 20 3
18 19 6
18 20 9
19 20 2
