22
1 2 4
1 3 5
1 4 5
1 5 6
1 6 8
1 7 9
1 8 6
1 9 5
1 10 5
1 11 6
1 12 5
1 13 3
1 14 5
1 15 8
1 16 4
1 17 9
1 18 7
1 19 9
1 20 6
1 21 2
1 22 9
2 3 7
2 4 7
2 5 3
2 6 4
2 7 2
2 8 3
2 9 4
2 10 5
2 11 6
2 12 9
2 13 9
2 14 2
2 15 7
2 16 1
2 17 9
2 18 4
2 19 7
2 20 5
2 21 9
2 22 4
3 4 8
3 5 8
3 6 1
3 7 1
3 8 3
3 9 9
3 10 4
3 11 9
3 12 1
3 13 6
3 14 9
3 15 6
3 16 7
3 17 6
3 18 4
3 19 3
3 20 1
3 21 6
3 22 3
4 5 1
4 6 3
4 7 8
4 8 6
4 9 3
4 10 6
4 11 2
4 12 7
4 13 5
4 14 2
4 15 3
4 16 5
4 17 8
4 18 1
4 19 1
4 20 3
4 21 7
4 22 6
5 6 6
5 7 7
5 8 5
5 9 8
5 10 5
5 11 1
5 12 5
5 13 2
5 14 1
5 15 4
5 16 5
5 17 9
5 18 2
5 19 2
5 20 2
5 21 6
5 22 9
6 7 9
6 8 9
6 9 4
6 10 2
6 11 9
6 12 2
6 13 6
6 14 5
6 15 5
6 16 5
6 17 3
6 18 7
6 19 5
6 20 3
6 21 6
6 22 1
7 8 2
7 9 7
7 10 9
7 11 8
7 12 8
7 13 7
7 14 4
7 15 6
7 16 1
7 17 8
7 18 7
7 19 6
7 20 1
7 21 4
7 22 4
8 9 3
8 10 8
8 11 3
8 12 7
8 13 6
8 14 3
8 15 3
8 16 1
8 17 2
8 18 6
8 19 5
8 20 2
8 21 8
8 22 5
9 10 8
9 11 2
9 12 5
9 13 9
9 14 3
9 15 5
9 16 4
9 17 1
9 18 3
9 19 1
9 20 1
9 21 1
9 22 2
10 11 3
10 12 1
10 13 5
10 14 4
10 15 2
10 16 6
10 17 5
10 18 4
10 19 5
10 20 9
10 21 1
10 22 9
11 12 1
11 13 1
11 14 6
11 15 9
11 16 3
11 17 3
11 18 7
11 19 3
11 20 7
11 21 3
11 22 7
12 13 8
12 14 9
12 15 2
12 16 5
12 17 8
12 18 2
12 19 8
12 20 7
12 21 6
12 22 9
13 14 5
13 15 7
13 16 6
13 17 4
13 18 1
13 19 7
13 20 1
13 21 5
13 22 5
14 15 6
14 16 8
14 17 6
14 18 1
14 19 4
14 20 2
14 21 2
14 22 5
15 16 3
15 17 2
15 18 5
15 19 8
15 20 2
15 21 3
15 22 7
16 17 1
16 18 8
16 19 1
16 20 4
16 21 6
16 22 9
17 18 3
17 19 1
17 20 2
17 21 7
17 22 3
18 19 7
18 20 7
18 21 6
18 22 1
19 20 4
19 21 6
19 22 6
20 21 8
20 22 3
21 22 9
