28
1 2 6
1 3 7
1 4 6
1 5 5
1 6 9
1 7 8
1 8 2
1 9 8
1 10 9
1 11 4
1 12 4
1 13 8
1 14 3
1 15 6
1 16 9
1 17 7
1 18 6
1 19 4
1 20 2
1 21 4
1 22 4
1 23 8
1 24 1
1 25 1
1 26 5
1 27 5
1 28 1
2 3 9
2 4 7
2 5 3
2 6 1
2 7 7
2 8 2
2 9 3
2 10 7
2 11 3
2 12 2
2 13 3
2 14 4
2 15 7
2 16 6
2 17 3
2 18 3
2 19 1
2 20 7
2 21 1
2 22 8
2 23 8
2 24 2
2 25 4
2 26 1
2 27 2
2 28 3
3 4 5
3 5 8
3 6 6
3 7 5
3 8 6
3 9 3
3 10 2
3 11 9
3 12 6
3 13 5
3 14 2
3 15 3
3 16 5
3 17 5
3 18 2
3 19 2
3 20 4
3 21 9
3 22 9
3 23 5
3 24 3
3 25 4
3 26 5
3 27 4
3 28 1
4 5 9
4 6 9
4 7 2
4 8 9
4 9 9
4 10 2
4 11 5
4 12 3
4 13 2
4 14 9
4 15 1
4 16 4
4 17 2
4 18 3
4 19 5
4 20 5
4 21 7
4 22 2
4 23 4
4 24 3
4 25 2
4 26 4
4 27 4
4 28 3
5 6 6
5 7 3
5 8 2
5 9 4
5 10 4
5 11 5
5 12 4
5 13 5
5 14 8
5 15 5
5 16 8
5 17 6
5 18 3
5 19 2
5 20 1
5 21 6
5 22 3
5 23 7
5 24 7
5 25 6
5 26 7
5 27 7
5 28 1
6 7 1
6 8 1
6 9 7
6 10 8
6 11 6
6 12 3
6 13 1
6 14 6
6 15 8
6 16 7
6 17 3
6 18 4
6 19 9
6 20 8
6 21 4
6 22 8
6 23 5
6 24 7
6 25 8
6 26 4
6 27 1
6 28 7
7 8 6
7 9 7
7 10 4
7 11 3
7 12 6
7 13 2
7 14 6
7 15 7
7 16 2
7 17 5
7 18 6
7 19 7
7 20 4
7 21 2
7 22 8
7 23 2
7 24 3
7 25 1
7 26 5
7 27 5
7 28 3
8 9 5
8 10 3
8 11 5
8 12 4
8 13 6
8 14 5
8 15 2
8 16 5
8 17 7
8 18 4
8 19 3
8 20 7
8 21 1
8 22 2
8 23 1
8 24 5
8 25 8
8 26 7
8 27 2
8 28 4
9 10 9
9 11 5
9 12 8
9 13 4
9 14 8
9 15 7
9 16 6
9 17 5
9 18 1
9 19 9
9 20 9
9 21 8
9 22 3
9 23 8
9 24 3
9 25 6
9 26 9
9 27 5
9 28 5
10 11 4
10 12 7
10 13 8
10 14 9
10 15 8
10 16 7
10 17 2
10 18 2
10 19 9
10 20 5
10 21 4
10 22 5
10 23 9
10 24 3
10 25 6
10 26 8
10 27 3
10 28 7
11 12 8
11 13 7
11 14 5
11 15 4
11 16 5
11 17 1
11 18 9
11 19 6
11 20 3
11 21 7
11 22 4
11 23 2
11 24 7
11 25 6
11 26 6
11 27 2
11 28 8
12 13 9
12 14 9
12 15 9
12 16 5
12 17 2
12 18 2
12 19 5
12 20 3
12 21 4
12 22 2
12 23 6
12 24 2
12 25 3
12 26 2
12 27 4
12 28 9
13 14 2
13 15 5
13 16 2
13 17 2
13 18 8
13 19 4
13 20 9
13 21 5
13 22 6
13 23 5
13 24 3
13 25 5
13 26 6
13 27 7
13 28 1
14 15 5
14 16 4
14 17 8
14 18 5
14 19 4
14 20 8
14 21 4
14 22 3
14 23 4
14 24 6
14 25 8
14 26 3
14 27 9
14 28 8
15 16 8
15 17 6
15 18 5
15 19 6
15 20 1
15 21 4
15 22 4
15 23 4
15 24 8
15 25 7
15 26 3
15 27 3
15 28 6
16 17 2
16 18 4
16 19 7
16 20 9
16 21 6
16 22 5
16 23 9
16 24 6
16 25 1
16 26 4
16 27 2
16 28 3
17 18 5
17 19 3
17 20 8
17 21 2
17 22 2
17 23 8
17 24 9
17 25 8
17 26 3
17 27 4
17 28 6
18 19 1
18 20 7
18 21 4
18 22 4
18 23 4
18 24 2
18 25 5
18 26 9
18 27 8
18 28 4
19 20 3
19 21 9
19 22 7
19 23 7
19 24 6
19 25 5
19 26 6
19 27 8
19 28 1
20 21 1
20 22 5
20 23 9
20 24 6
20 25 6
20 26 2
20 27 5
20 28 1
21 22 4
21 23 1
21 24 1
21 25 9
21 26 9
21 27 4
21 28 6
22 23 4
22 24 2
22 25 6
22 26 6
22 27 2
22 28 9
23 24 6
23 25 1
23 26 6
23 27 4
23 28 1
24 25 9
24 26 4
24 27 2
24 28 6
25 26 8
25 27 3
25 28 9
26 27 2
26 28 7
27 28 9
